# this is an example of a 1D data input
1.927928588
2.407228309
0.504064703
0.332850190
1.095380998
3.518671980
0.945332225
3.042632463
2.743833765
1.762890476
3.032112543
3.258745340
2.528047484
0.450612053
2.645155764
3.882050806
1.837883661
2.030284388
2.851330890
2.964436707
1.468408946
0.750532607
0.785929277
3.370811757
0.002007579
2.884413114
3.015590387
2.303168791
0.862933433
2.116701635
1.093751484
2.563760139
2.977309643
2.654568905
0.909679058
2.902597398
2.328631680
4.572338201
3.273007840
0.687680324
2.364510700
3.714031674
2.439255279
2.547997702
3.421356750
0.764344353
0.943382390
2.597344294
3.333624512
1.669505379
2.074320372
2.737614871
3.710803654
3.451322951
1.688401177
1.466235175
-0.516918315
2.992654131
2.978077915
1.968499575
4.252683330
2.931022712
1.374535053
2.742912148
1.915234648
1.231813685
1.709523880
1.293231032
3.267054476
0.635015935
1.013171738
1.836175358
3.127103490
2.472232536
1.499251903
1.816655489
1.382821845
2.798808714
0.904888944
2.527440363
3.692525256
0.885602083
1.364370526
1.485891598
2.715076418
2.686035832
0.764564374
1.601188756
3.174113768
2.316185526
3.267124911
0.430676859
2.766068668
3.796213916
2.763784259
3.130115720
2.109043984
-0.538124650
2.434015639
0.608001844
