# this is an example of a 2D data input
0.00 0.000000000
0.01 0.009999833
0.02 0.019998667
0.03 0.029995500
0.04 0.039989334
0.05 0.049979169
0.06 0.059964006
0.07 0.069942847
0.08 0.079914694
0.09 0.089878549
0.10 0.099833417
0.11 0.109778301
0.12 0.119712207
0.13 0.129634143
0.14 0.139543115
0.15 0.149438132
0.16 0.159318207
0.17 0.169182349
0.18 0.179029573
0.19 0.188858895
0.20 0.198669331
0.21 0.208459900
0.22 0.218229623
0.23 0.227977524
0.24 0.237702626
0.25 0.247403959
0.26 0.257080552
0.27 0.266731437
0.28 0.276355649
0.29 0.285952225
0.30 0.295520207
0.31 0.305058636
0.32 0.314566561
0.33 0.324043028
0.34 0.333487092
0.35 0.342897807
0.36 0.352274233
0.37 0.361615432
0.38 0.370920469
0.39 0.380188415
0.40 0.389418342
0.41 0.398609328
0.42 0.407760453
0.43 0.416870802
0.44 0.425939465
0.45 0.434965534
0.46 0.443948107
0.47 0.452886285
0.48 0.461779176
0.49 0.470625888
0.50 0.479425539
0.51 0.488177247
0.52 0.496880138
0.53 0.505533341
0.54 0.514135992
0.55 0.522687229
0.56 0.531186198
0.57 0.539632049
0.58 0.548023937
0.59 0.556361023
0.60 0.564642473
0.61 0.572867460
0.62 0.581035161
0.63 0.589144758
0.64 0.597195441
0.65 0.605186406
0.66 0.613116852
0.67 0.620985987
0.68 0.628793024
0.69 0.636537182
0.70 0.644217687
0.71 0.651833771
0.72 0.659384672
0.73 0.666869635
0.74 0.674287912
0.75 0.681638760
0.76 0.688921445
0.77 0.696135239
0.78 0.703279419
0.79 0.710353272
0.80 0.717356091
0.81 0.724287174
0.82 0.731145830
0.83 0.737931371
0.84 0.744643120
0.85 0.751280405
0.86 0.757842563
0.87 0.764328937
0.88 0.770738879
0.89 0.777071748
0.90 0.783326910
0.91 0.789503740
0.92 0.795601620
0.93 0.801619941
0.94 0.807558100
0.95 0.813415505
0.96 0.819191568
0.97 0.824885713
0.98 0.830497370
0.99 0.836025979
1.00 0.841470985
