# this is an example of a 1D data input
-1.123616965
-0.046430925
-0.262240160
0.032765779
-0.295749372
0.529392239
1.300822524
0.126756095
-1.291403764
0.549550539
1.204544770
0.134500412
0.481584968
0.566176444
1.252834942
-0.577379844
-1.044790821
0.698336312
1.214822607
-0.507258913
-2.126514398
-1.090338373
-0.082615448
1.217796697
-1.666752242
-1.652297921
-0.523594727
-0.696108664
0.705369410
1.366821529
-1.011234895
1.396161846
-0.203208796
0.025104248
0.907199428
-0.454363575
0.008871739
0.934952890
0.612397168
-0.180713494
0.227168698
1.787071530
0.695662255
0.336808208
0.363572117
-0.925286872
0.403649321
-0.860131904
1.473940138
1.126176119
-0.896493493
0.528733517
-0.281685112
0.021497633
-1.991406117
-0.863764627
-0.408986288
0.895954532
-1.552473932
0.221396179
-0.549536876
1.600729431
-0.412196414
2.016271806
-0.706091101
-0.840219538
-0.794582278
0.408438754
-0.462217840
1.200841313
0.769692086
0.365489219
-0.973451309
0.619993724
-1.070732327
-0.181639384
-0.660155288
-0.528379728
-0.927989250
0.470966074
1.381046577
0.114082589
-0.033266455
-0.039245601
0.598734142
1.414779291
-2.274541881
-1.359911439
0.773053092
-0.430593397
0.532049407
0.391747984
2.439098569
0.971927125
-0.355966172
-0.074120438
1.092686278
-0.860628502
-0.408288085
-0.845804643
